275.300000 -1.730000 -1.140000 0.000000 -0.250000 3.800000 2.550000 0.000000 0.000000 0.000000
275.300000 -1.750000 -0.230000 0.000000 -0.160000 3.800000 2.550000 0.000000 0.000000 0.000000
275.400000 -1.730000 -0.040000 0.000000 -0.250000 3.800000 2.550000 0.000000 0.000000 0.000000
275.400000 -1.670000 1.320000 0.000000 -0.250000 3.800000 2.550000 0.000000 0.000000 0.000000
275.500000 -1.580000 0.620000 0.000000 -0.250000 3.800000 2.550000 0.000000 0.000000 0.000000
275.500000 -1.500000 2.000000 0.000000 -0.250000 3.800000 2.550000 0.000000 0.000000 0.000000
275.600000 -1.420000 0.210000 0.000000 -0.250000 3.800000 2.550000 0.000000 0.000000 0.000000
275.600000 -1.380000 1.190000 0.000000 -0.250000 3.800000 2.550000 0.000000 0.000000 0.000000
275.700000 -1.340000 -0.880000 0.000000 -0.250000 3.800000 2.550000 0.000000 0.000000 0.000000
275.700000 -1.350000 0.310000 0.000000 -0.250000 3.800000 2.550000 0.000000 0.000000 0.000000
275.800000 -1.360000 -1.610000 0.000000 -0.250000 3.800000 2.550000 0.000000 0.000000 0.000000
275.800000 -1.410000 0.160000 0.000000 -0.250000 3.800000 2.550000 0.000000 0.000000 0.000000
275.900000 -1.420000 -1.440000 0.000000 -0.250000 3.800000 2.550000 0.000000 0.000000 0.000000
275.900000 -1.450000 0.580000 0.000000 -0.250000 3.800000 2.550000 0.000000 0.000000 0.000000
276.000000 -1.420000 -1.680000 0.000000 -0.250000 3.800000 2.550000 0.000000 0.000000 0.000000
276.000000 -1.500000 -0.770000 0.000000 -0.250000 3.800000 2.550000 0.000000 0.000000 0.000000
276.100000 -1.560000 -2.710000 0.000000 -0.250000 3.800000 2.550000 0.000000 0.000000 0.000000
276.100000 -1.660000 -1.010000 0.000000 -0.250000 3.800000 2.550000 0.000000 0.000000 0.000000
276.200000 -1.660000 -1.800000 0.000000 -0.250000 3.800000 2.550000 0.000000 0.000000 0.000000
276.200000 -1.700000 0.010000 0.000000 -0.250000 3.800000 2.550000 0.000000 0.000000 0.000000
276.300000 -1.670000 -1.130000 0.000000 -0.250000 3.800000 2.550000 0.000000 0.000000 0.000000
276.300000 -1.710000 -0.490000 0.000000 -0.250000 3.800000 2.550000 0.000000 0.000000 0.000000
276.400000 -1.710000 -1.600000 0.000000 -0.250000 3.800000 2.550000 0.000000 0.000000 0.000000
276.400000 -1.770000 -1.130000 0.000000 -0.250000 3.800000 2.550000 0.000000 0.000000 0.000000
276.500000 -1.770000 -1.290000 0.000000 -0.160000 3.800000 2.550000 0.000000 0.000000 0.000000
276.500000 -1.800000 0.000000 0.000000 -0.250000 3.800000 2.550000 0.000000 0.000000 0.000000
276.600000 -1.750000 0.110000 0.000000 -0.250000 3.800000 2.550000 0.000000 0.000000 0.000000
276.600000 -1.710000 0.970000 0.000000 -0.250000 3.800000 2.550000 0.000000 0.000000 0.000000
276.700000 -1.610000 1.030000 0.000000 -0.250000 3.800000 2.550000 0.000000 0.000000 0.000000
276.700000 -1.560000 0.830000 0.000000 -0.160000 3.800000 2.550000 0.000000 0.000000 0.000000
276.800000 -1.500000 0.790000 0.000000 -0.250000 3.800000 2.550000 0.000000 0.000000 0.000000
276.800000 -1.480000 0.230000 0.000000 -0.250000 3.800000 2.550000 0.000000 0.000000 0.000000
276.900000 -1.420000 0.910000 0.000000 -0.160000 3.800000 2.550000 0.000000 0.000000 0.000000
276.900000 -1.410000 0.200000 0.000000 -0.250000 3.800000 2.550000 0.000000 0.000000 0.000000
277.000000 -1.370000 1.270000 0.000000 -0.160000 3.800000 2.550000 0.000000 0.000000 0.000000
277.000000 -1.330000 0.260000 0.000000 -0.250000 3.800000 2.550000 0.000000 0.000000 0.000000
277.100000 -1.300000 0.880000 0.000000 -0.250000 3.800000 2.550000 0.000000 0.000000 0.000000
277.100000 -1.290000 -0.290000 0.000000 -0.160000 3.800000 2.550000 0.000000 0.000000 0.000000
277.200000 -1.270000 0.490000 0.000000 -0.160000 3.800000 2.550000 0.000000 0.000000 0.000000
277.200000 -1.270000 -0.690000 0.000000 -0.250000 3.800000 2.550000 0.000000 0.000000 0.000000
277.300000 -1.260000 0.190000 0.000000 -0.250000 3.800000 2.550000 0.000000 0.000000 0.000000
277.300000 -1.230000 0.330000 0.000000 -0.250000 3.800000 2.550000 0.000000 0.000000 0.000000
277.400000 -1.150000 1.710000 0.000000 -0.250000 3.800000 2.550000 0.000000 0.000000 0.000000
277.400000 -1.040000 1.790000 0.000000 -0.250000 3.800000 2.550000 0.000000 0.000000 0.000000
277.500000 -0.960000 0.660000 0.000000 -0.250000 3.800000 2.550000 0.000000 0.000000 0.000000
277.500000 -0.950000 0.030000 0.000000 -0.250000 3.800000 2.550000 0.000000 0.000000 0.000000
277.600000 -1.020000 -2.420000 0.000000 -0.250000 3.800000 2.550000 0.000000 0.000000 0.000000
277.600000 -1.190000 -3.480000 0.000000 -0.250000 3.800000 2.550000 0.000000 0.000000 0.000000
277.700000 -1.400000 -4.940000 0.000000 -0.250000 3.800000 2.550000 0.000000 0.000000 0.000000
277.700000 -1.560000 -2.360000 0.000000 -0.250000 3.800000 2.550000 0.000000 0.000000 0.000000
277.800000 -1.660000 -2.910000 0.000000 -0.250000 3.800000 2.550000 0.000000 0.000000 0.000000
277.800000 -1.710000 0.590000 0.000000 -0.250000 3.800000 2.550000 0.000000 0.000000 0.000000
277.900000 -1.670000 0.270000 0.000000 -0.250000 3.800000 2.550000 0.000000 0.000000 0.000000
277.900000 -1.570000 3.810000 0.000000 -0.250000 3.800000 2.550000 0.000000 0.000000 0.000000
278.000000 -1.370000 3.000000 0.000000 -0.250000 3.800000 2.550000 0.000000 0.000000 0.000000
278.000000 -1.200000 4.860000 0.000000 -0.250000 3.800000 2.550000 0.000000 0.000000 0.000000
278.100000 -1.030000 1.780000 0.000000 -0.250000 3.800000 2.550000 0.000000 0.000000 0.000000
278.100000 -0.970000 2.440000 0.000000 -0.250000 3.800000 2.550000 0.000000 0.000000 0.000000
278.200000 -0.900000 -0.280000 0.000000 -0.160000 3.800000 2.550000 0.000000 0.000000 0.000000
278.200000 -0.960000 -0.580000 0.000000 -0.160000 3.800000 2.550000 0.000000 0.000000 0.000000
278.300000 -1.030000 -2.440000 0.000000 -0.160000 3.800000 2.550000 0.000000 0.000000 0.000000
278.300000 -1.130000 -0.950000 0.000000 -0.250000 3.800000 2.550000 0.000000 0.000000 0.000000
278.400000 -1.150000 -0.760000 0.000000 -0.250000 3.800000 2.550000 0.000000 0.000000 0.000000
278.400000 -1.160000 0.970000 0.000000 -0.250000 3.800000 2.550000 0.000000 0.000000 0.000000
278.500000 -1.060000 2.230000 0.000000 -0.250000 3.800000 2.550000 0.000000 0.000000 0.000000
278.500000 -0.960000 2.220000 0.000000 -0.160000 3.800000 2.550000 0.000000 0.000000 0.000000
278.600000 -0.880000 1.790000 0.000000 -0.250000 3.800000 2.550000 0.000000 0.000000 0.000000
278.600000 -0.860000 0.120000 0.000000 -0.160000 3.800000 2.550000 0.000000 0.000000 0.000000
278.700000 -0.900000 -0.580000 0.000000 -0.160000 3.800000 2.550000 0.000000 0.000000 0.000000
278.700000 -0.980000 -2.290000 0.000000 -0.250000 3.800000 2.550000 0.000000 0.000000 0.000000
278.800000 -1.130000 -2.100000 0.000000 -0.250000 3.800000 2.550000 0.000000 0.000000 0.000000
278.800000 -1.260000 -3.180000 0.000000 -0.250000 3.800000 2.550000 0.000000 0.000000 0.000000
278.900000 -1.390000 -0.980000 0.000000 -0.160000 3.800000 2.550000 0.000000 0.000000 0.000000
278.900000 -1.410000 -0.770000 0.000000 -0.250000 3.800000 2.550000 0.000000 0.000000 0.000000
279.000000 -1.430000 0.720000 0.000000 -0.250000 3.800000 2.550000 0.000000 0.000000 0.000000
279.000000 -1.380000 0.140000 0.000000 -0.250000 3.800000 2.550000 0.000000 0.000000 0.000000
279.100000 -1.310000 2.820000 0.000000 -0.250000 3.800000 2.550000 0.000000 0.000000 0.000000
279.100000 -1.130000 2.770000 0.000000 -0.250000 3.800000 2.550000 0.000000 0.000000 0.000000
279.200000 -1.000000 3.240000 0.000000 -0.250000 3.800000 2.550000 0.000000 0.000000 0.000000
279.200000 -0.840000 2.080000 0.000000 -0.250000 3.800000 2.550000 0.000000 0.000000 0.000000
279.300000 -0.780000 1.200000 0.000000 -0.250000 3.800000 2.550000 0.000000 0.000000 0.000000
279.300000 -0.730000 -0.200000 0.000000 -0.250000 3.800000 2.550000 0.000000 0.000000 0.000000
279.400000 -0.780000 -0.660000 0.000000 -0.160000 3.800000 2.550000 0.000000 0.000000 0.000000
279.400000 -0.780000 -0.260000 0.000000 -0.250000 3.800000 2.550000 0.000000 0.000000 0.000000
279.500000 -0.780000 0.270000 0.000000 -0.250000 3.800000 2.550000 0.000000 0.000000 0.000000
279.500000 -0.710000 1.220000 0.000000 -0.250000 3.800000 2.550000 0.000000 0.000000 0.000000
279.600000 -0.680000 1.060000 0.000000 -0.250000 3.800000 2.550000 0.000000 0.000000 0.000000
279.600000 -0.640000 -0.100000 0.000000 -0.250000 3.800000 2.550000 0.000000 0.000000 0.000000
279.700000 -0.650000 -0.080000 0.000000 -0.250000 3.800000 2.550000 0.000000 0.000000 0.000000
279.700000 -0.670000 -1.540000 0.000000 -0.250000 3.800000 2.550000 0.000000 0.000000 0.000000
279.800000 -0.750000 -1.550000 0.000000 -0.250000 3.800000 2.550000 0.000000 0.000000 0.000000
279.800000 -0.810000 -2.030000 0.000000 -0.250000 3.800000 2.550000 0.000000 0.000000 0.000000
279.900000 -0.870000 -1.340000 0.000000 -0.250000 3.800000 2.550000 0.000000 0.000000 0.000000
279.900000 -0.920000 -0.720000 0.000000 -0.250000 3.800000 2.550000 0.000000 0.000000 0.000000
280.000000 -0.960000 -1.050000 0.000000 -0.250000 3.800000 2.550000 0.000000 0.000000 0.000000
280.000000 -1.000000 0.170000 0.000000 -0.250000 3.800000 2.550000 0.000000 0.000000 0.000000
280.100000 -1.020000 -0.380000 0.000000 -0.160000 3.800000 2.550000 0.000000 0.000000 0.000000
280.100000 -0.980000 1.950000 0.000000 -0.160000 3.800000 2.550000 0.000000 0.000000 0.000000
280.200000 -0.920000 1.130000 0.000000 -0.250000 3.800000 2.550000 0.000000 0.000000 0.000000
280.200000 -0.820000 3.010000 0.000000 -0.160000 3.800000 2.550000 0.000000 0.000000 0.000000
280.300000 -0.720000 1.170000 0.000000 -0.250000 3.800000 2.550000 0.000000 0.000000 0.000000
280.300000 -0.670000 1.590000 0.000000 -0.250000 3.800000 2.550000 0.000000 0.000000 0.000000
280.400000 -0.670000 -0.840000 0.000000 -0.250000 3.800000 2.550000 0.000000 0.000000 0.000000
280.400000 -0.700000 -0.680000 0.000000 -0.250000 3.800000 2.550000 0.000000 0.000000 0.000000
280.500000 -0.790000 -2.270000 0.000000 -0.250000 3.800000 2.550000 0.000000 0.000000 0.000000
280.500000 -0.880000 -1.870000 0.000000 -0.250000 3.800000 2.550000 0.000000 0.000000 0.000000
280.600000 -0.950000 -1.630000 0.000000 -0.250000 3.800000 2.550000 0.000000 0.000000 0.000000
280.600000 -1.000000 -1.640000 0.000000 -0.250000 3.800000 2.550000 0.000000 0.000000 0.000000
280.700000 -1.020000 0.050000 0.000000 -0.250000 3.800000 2.550000 0.000000 0.000000 0.000000
280.700000 -1.010000 -0.240000 0.000000 -0.250000 3.800000 2.550000 0.000000 0.000000 0.000000
280.800000 -0.980000 1.820000 0.000000 -0.250000 3.800000 2.550000 0.000000 0.000000 0.000000
280.800000 -0.920000 -0.130000 0.000000 -0.250000 3.800000 2.550000 0.000000 0.000000 0.000000
280.900000 -0.880000 1.840000 0.000000 -0.250000 3.800000 2.550000 0.000000 0.000000 0.000000
280.900000 -0.790000 1.140000 0.000000 -0.160000 3.800000 2.550000 0.000000 0.000000 0.000000
281.000000 -0.720000 3.430000 0.000000 -0.160000 3.800000 2.550000 0.000000 0.000000 0.000000
281.000000 -0.610000 1.410000 0.000000 -0.250000 3.800000 2.550000 0.000000 0.000000 0.000000
281.100000 -0.530000 3.230000 0.000000 -0.250000 3.800000 2.550000 0.000000 0.000000 0.000000
281.100000 -0.370000 2.010000 0.000000 -0.160000 3.800000 2.550000 0.000000 0.000000 0.000000
281.200000 -0.290000 2.750000 0.000000 -0.160000 3.800000 2.550000 0.000000 0.000000 0.000000
281.200000 -0.230000 0.160000 0.000000 -0.250000 3.800000 2.550000 0.000000 0.000000 0.000000
281.300000 -0.310000 -1.610000 0.000000 -0.160000 3.800000 2.550000 0.000000 0.000000 0.000000
281.300000 -0.430000 -2.760000 0.000000 -0.250000 3.800000 2.550000 0.000000 0.000000 0.000000
281.400000 -0.590000 -2.970000 0.000000 -0.250000 3.800000 2.550000 0.000000 0.000000 0.000000
281.400000 -0.680000 -0.770000 0.000000 -0.250000 3.800000 2.550000 0.000000 0.000000 0.000000
281.500000 -0.710000 -1.120000 0.000000 -0.250000 3.800000 2.550000 0.000000 0.000000 0.000000
281.500000 -0.710000 1.210000 0.000000 -0.250000 3.800000 2.550000 0.000000 0.000000 0.000000
281.600000 -0.610000 0.840000 0.000000 -0.250000 3.800000 2.550000 0.000000 0.000000 0.000000
281.600000 -0.550000 2.140000 0.000000 -0.250000 3.800000 2.550000 0.000000 0.000000 0.000000
281.700000 -0.440000 -0.100000 0.000000 -0.250000 3.800000 2.550000 0.000000 0.000000 0.000000
281.700000 -0.430000 0.740000 0.000000 -0.250000 3.800000 2.550000 0.000000 0.000000 0.000000
281.800000 -0.410000 -1.500000 0.000000 -0.250000 3.800000 2.550000 0.000000 0.000000 0.000000
281.800000 -0.480000 -0.940000 0.000000 -0.160000 3.800000 2.550000 0.000000 0.000000 0.000000
281.900000 -0.530000 -2.360000 0.000000 -0.250000 3.800000 2.550000 0.000000 0.000000 0.000000
281.900000 -0.620000 -0.920000 0.000000 -0.250000 3.800000 2.550000 0.000000 0.000000 0.000000
282.000000 -0.640000 -0.110000 0.000000 -0.250000 3.800000 2.550000 0.000000 0.000000 0.000000
282.000000 -0.610000 1.370000 0.000000 -0.250000 3.800000 2.550000 0.000000 0.000000 0.000000
282.100000 -0.520000 2.540000 0.000000 -0.250000 3.800000 2.550000 0.000000 0.000000 0.000000
282.100000 -0.410000 2.050000 0.000000 -0.250000 3.800000 2.550000 0.000000 0.000000 0.000000
282.200000 -0.340000 2.070000 0.000000 -0.250000 3.800000 2.550000 0.000000 0.000000 0.000000
282.200000 -0.290000 0.730000 0.000000 -0.250000 3.800000 2.550000 0.000000 0.000000 0.000000
282.300000 -0.320000 -0.220000 0.000000 -0.160000 3.800000 2.550000 0.000000 0.000000 0.000000
282.300000 -0.370000 -1.350000 0.000000 -0.250000 3.800000 2.550000 0.000000 0.000000 0.000000
282.400000 -0.470000 -1.330000 0.000000 -0.250000 3.800000 2.550000 0.000000 0.000000 0.000000
282.400000 -0.550000 -1.970000 0.000000 -0.250000 3.800000 2.550000 0.000000 0.000000 0.000000
282.500000 -0.690000 -1.980000 0.000000 -0.250000 3.800000 2.550000 0.000000 0.000000 0.000000
282.500000 -0.760000 -0.840000 0.000000 -0.250000 3.800000 2.550000 0.000000 0.000000 0.000000
282.600000 -0.800000 -0.540000 0.000000 -0.250000 3.800000 2.550000 0.000000 0.000000 0.000000
282.600000 -0.770000 1.670000 0.000000 -0.250000 3.800000 2.550000 0.000000 0.000000 0.000000
282.700000 -0.680000 1.920000 0.000000 -0.250000 3.800000 2.550000 0.000000 0.000000 0.000000
282.700000 -0.510000 3.970000 0.000000 -0.250000 3.800000 2.550000 0.000000 0.000000 0.000000
282.800000 -0.330000 2.710000 0.000000 -0.250000 3.800000 2.550000 0.000000 0.000000 0.000000
282.800000 -0.150000 2.920000 0.000000 -0.250000 3.800000 2.550000 0.000000 0.000000 0.000000
282.900000 -0.010000 1.380000 0.000000 -0.160000 3.800000 2.550000 0.000000 0.000000 0.000000
282.900000 0.050000 0.050000 0.000000 -0.250000 3.800000 2.550000 0.000000 0.000000 0.000000
283.000000 -0.010000 -2.830000 0.000000 -0.250000 3.800000 2.550000 0.000000 0.000000 0.000000
283.000000 -0.250000 -6.820000 0.000000 -0.160000 3.800000 2.550000 0.000000 0.000000 0.000000
283.100000 -0.610000 -7.590000 0.000000 -0.250000 3.800000 2.550000 0.000000 0.000000 0.000000
283.100000 -1.010000 -8.700000 0.000000 -0.250000 3.800000 2.550000 0.000000 0.000000 0.000000
283.200000 -1.380000 -5.460000 0.000000 -0.250000 3.800000 2.550000 0.000000 0.000000 0.000000
283.200000 -1.620000 -4.580000 0.000000 -0.250000 3.800000 2.550000 0.000000 0.000000 0.000000
283.300000 -1.680000 1.790000 0.000000 -0.250000 3.800000 2.550000 0.000000 0.000000 0.000000
283.300000 -1.490000 4.150000 0.000000 -0.250000 3.800000 2.550000 0.000000 0.000000 0.000000
283.400000 -1.150000 9.140000 0.000000 -0.160000 3.800000 2.550000 0.000000 0.000000 0.000000
283.400000 -0.670000 8.470000 0.000000 -0.250000 3.800000 2.550000 0.000000 0.000000 0.000000
283.500000 -0.260000 9.120000 0.000000 -0.250000 3.800000 2.550000 0.000000 0.000000 0.000000
283.500000 0.090000 5.270000 0.000000 -0.250000 3.800000 2.550000 0.000000 0.000000 0.000000
283.600000 0.280000 4.190000 0.000000 -0.250000 3.800000 2.550000 0.000000 0.000000 0.000000
283.600000 0.370000 -0.280000 0.000000 -0.250000 3.800000 2.550000 0.000000 0.000000 0.000000
283.700000 0.250000 -2.130000 0.000000 -0.250000 3.800000 2.550000 0.000000 0.000000 0.000000
283.700000 0.030000 -5.420000 0.000000 -0.250000 3.800000 2.550000 0.000000 0.000000 0.000000
283.800000 -0.310000 -6.020000 0.000000 -0.160000 3.800000 2.550000 0.000000 0.000000 0.000000
283.800000 -0.630000 -5.340000 0.000000 -0.250000 3.800000 2.550000 0.000000 0.000000 0.000000
283.900000 -0.850000 -3.160000 0.000000 -0.250000 3.800000 2.550000 0.000000 0.000000 0.000000
283.900000 -0.940000 -0.140000 0.000000 -0.250000 3.800000 2.550000 0.000000 0.000000 0.000000
284.000000 -0.890000 1.490000 0.000000 -0.250000 3.800000 2.550000 0.000000 0.000000 0.000000
284.000000 -0.720000 4.910000 0.000000 -0.250000 3.800000 2.550000 0.000000 0.000000 0.000000
284.100000 -0.440000 4.520000 0.000000 -0.250000 3.800000 2.550000 0.000000 0.000000 0.000000
284.100000 -0.210000 5.280000 0.000000 -0.250000 3.800000 2.550000 0.000000 0.000000 0.000000
284.200000 0.020000 3.190000 0.000000 -0.250000 3.800000 2.550000 0.000000 0.000000 0.000000
284.200000 0.160000 3.090000 0.000000 -0.250000 3.800000 2.550000 0.000000 0.000000 0.000000
284.300000 0.290000 1.290000 0.000000 -0.250000 3.800000 2.550000 0.000000 0.000000 0.000000
284.300000 0.310000 0.310000 0.000000 -0.160000 3.800000 2.550000 0.000000 0.000000 0.000000
284.400000 0.330000 -1.850000 0.000000 -0.250000 3.800000 2.550000 0.000000 0.000000 0.000000
284.400000 0.230000 -2.120000 0.000000 -0.250000 3.800000 2.550000 0.000000 0.000000 0.000000
284.500000 0.130000 -3.140000 0.000000 -0.250000 3.800000 2.550000 0.000000 0.000000 0.000000
284.500000 -0.040000 -3.520000 0.000000 -0.250000 3.800000 2.550000 0.000000 0.000000 0.000000
284.600000 -0.190000 -2.800000 0.000000 -0.250000 3.800000 2.550000 0.000000 0.000000 0.000000
284.600000 -0.310000 -2.100000 0.000000 -0.250000 3.800000 2.550000 0.000000 0.000000 0.000000
284.700000 -0.410000 -0.800000 0.000000 -0.250000 3.800000 2.550000 0.000000 0.000000 0.000000
284.700000 -0.450000 -0.010000 0.000000 -0.250000 3.800000 2.550000 0.000000 0.000000 0.000000
284.800000 -0.440000 1.290000 0.000000 -0.250000 3.800000 2.550000 0.000000 0.000000 0.000000
284.800000 -0.350000 2.350000 0.000000 -0.250000 3.800000 2.550000 0.000000 0.000000 0.000000
284.900000 -0.250000 3.030000 0.000000 -0.250000 3.800000 2.550000 0.000000 0.000000 0.000000
284.900000 -0.090000 2.600000 0.000000 -0.250000 3.800000 2.550000 0.000000 0.000000 0.000000
285.000000 -0.050000 0.910000 0.000000 -0.160000 3.800000 2.550000 0.000000 0.000000 0.000000
285.000000 -0.040000 -0.790000 0.000000 -0.250000 3.800000 2.550000 0.000000 0.000000 0.000000
285.100000 -0.170000 -3.410000 0.000000 -0.250000 3.800000 2.550000 0.000000 0.000000 0.000000
285.100000 -0.340000 -3.970000 0.000000 -0.250000 3.800000 2.550000 0.000000 0.000000 0.000000
285.200000 -0.550000 -4.110000 0.000000 -0.250000 3.800000 2.550000 0.000000 0.000000 0.000000
285.200000 -0.650000 -1.280000 0.000000 -0.250000 3.800000 2.550000 0.000000 0.000000 0.000000
285.300000 -0.650000 0.370000 0.000000 -0.250000 3.800000 2.550000 0.000000 0.000000 0.000000
285.300000 -0.490000 3.790000 0.000000 -0.250000 3.800000 2.550000 0.000000 0.000000 0.000000
285.400000 -0.240000 4.190000 0.000000 -0.250000 3.800000 2.550000 0.000000 0.000000 0.000000
285.400000 0.040000 6.010000 0.000000 1.000000 3.800000 2.550000 0.000000 0.000000 0.000000
285.500000 0.320000 5.040000 0.000000 2.350000 3.800000 2.550000 0.000000 0.000000 0.000000
285.500000 0.560000 4.910000 0.000000 2.440000 3.800000 2.550000 0.000000 0.000000 0.000000
285.600000 0.800000 4.300000 0.000000 2.350000 3.800000 2.550000 0.000000 0.000000 0.000000
285.600000 1.040000 4.530000 0.000000 2.440000 3.800000 2.550000 0.000000 0.000000 0.000000
285.700000 1.240000 3.550000 0.000000 2.350000 3.800000 2.550000 0.000000 0.000000 0.000000
285.700000 1.380000 2.120000 0.000000 2.350000 3.800000 2.550000 0.000000 0.000000 0.000000
285.800000 1.470000 0.680000 0.000000 2.350000 3.800000 2.550000 0.000000 0.000000 0.000000
285.800000 1.460000 -1.380000 0.000000 2.350000 3.800000 2.550000 0.000000 0.000000 0.000000
285.900000 1.390000 -1.270000 0.000000 2.350000 3.800000 2.550000 0.000000 0.000000 0.000000
285.900000 1.320000 -1.920000 0.000000 2.350000 3.800000 2.550000 0.000000 0.000000 0.000000
286.000000 1.310000 0.430000 0.000000 2.350000 3.800000 2.550000 0.000000 0.000000 0.000000
286.000000 1.390000 1.530000 0.000000 2.350000 3.800000 2.550000 0.000000 0.000000 0.000000
286.100000 1.560000 4.840000 0.000000 2.350000 3.800000 2.550000 0.000000 0.000000 0.000000
286.100000 1.870000 6.020000 0.000000 2.350000 3.800000 2.550000 0.000000 0.000000 0.000000
286.200000 2.230000 8.210000 0.000000 3.790000 3.800000 2.550000 0.000000 0.000000 0.000000
286.200000 2.620000 6.420000 0.000000 5.050000 3.800000 2.550000 0.000000 0.000000 0.000000
286.300000 2.940000 7.220000 0.000000 5.050000 3.800000 2.550000 0.000000 0.000000 0.000000
286.300000 3.300000 6.090000 0.000000 5.050000 3.800000 2.550000 0.000000 0.000000 0.000000
286.400000 3.610000 7.540000 0.000000 5.050000 3.800000 2.550000 0.000000 0.000000 0.000000
286.400000 4.020000 7.340000 0.000000 5.050000 3.800000 2.550000 0.000000 0.000000 0.000000
286.500000 4.470000 10.680000 0.000000 5.140000 3.800000 2.550000 0.000000 0.000000 0.000000
286.500000 5.100000 12.470000 0.000000 5.050000 3.800000 2.550000 0.000000 0.000000 0.000000
286.600000 5.800000 15.320000 0.000000 5.050000 3.800000 2.550000 0.000000 0.000000 0.000000
286.600000 6.610000 15.940000 0.000000 5.050000 3.800000 2.550000 0.000000 0.000000 0.000000
286.700000 7.430000 16.940000 0.000000 5.050000 3.800000 2.550000 0.000000 0.000000 0.000000
286.700000 8.260000 15.760000 0.000000 5.050000 3.800000 2.550000 0.000000 0.000000 0.000000
286.800000 8.970000 13.810000 0.000000 5.050000 3.800000 2.550000 0.000000 0.000000 0.000000
286.800000 9.610000 11.610000 0.000000 5.050000 3.800000 2.550000 0.000000 0.000000 0.000000
286.900000 10.050000 7.060000 0.000000 5.050000 3.800000 2.550000 0.000000 0.000000 0.000000
286.900000 10.280000 2.920000 0.000000 5.050000 3.800000 2.550000 0.000000 0.000000 0.000000
287.000000 10.250000 -3.060000 0.000000 5.140000 3.800000 2.550000 0.000000 0.000000 0.000000
287.000000 9.990000 -6.860000 0.000000 5.050000 3.800000 2.550000 0.000000 0.000000 0.000000
287.100000 9.550000 -10.370000 0.000000 5.050000 3.800000 2.550000 0.000000 0.000000 0.000000
287.100000 8.930000 -13.680000 0.000000 5.050000 3.800000 2.550000 0.000000 0.000000 0.000000
287.200000 8.160000 -15.270000 0.000000 5.050000 3.800000 2.550000 0.000000 0.000000 0.000000
287.200000 7.310000 -17.670000 0.000000 5.140000 3.800000 2.550000 0.000000 0.000000 0.000000
287.300000 6.470000 -15.850000 0.000000 5.050000 3.800000 2.550000 0.000000 0.000000 0.000000
287.300000 5.780000 -14.030000 0.000000 5.050000 3.800000 2.550000 0.000000 0.000000 0.000000
287.400000 5.190000 -11.670000 0.000000 5.050000 3.800000 2.550000 0.000000 0.000000 0.000000
287.400000 4.760000 -5.740000 0.000000 5.050000 3.800000 2.550000 0.000000 0.000000 0.000000
287.500000 4.580000 -2.520000 0.000000 5.050000 3.800000 2.550000 0.000000 0.000000 0.000000
287.500000 4.580000 2.980000 0.000000 5.050000 3.800000 2.550000 0.000000 0.000000 0.000000
287.600000 4.830000 5.750000 0.000000 5.050000 3.800000 2.550000 0.000000 0.000000 0.000000
287.600000 5.210000 9.670000 0.000000 5.050000 3.800000 2.550000 0.000000 0.000000 0.000000
287.700000 5.800000 12.480000 0.000000 5.050000 3.800000 2.550000 0.000000 0.000000 0.000000
287.700000 6.530000 15.390000 0.000000 5.050000 3.800000 2.550000 0.000000 0.000000 0.000000
287.800000 7.380000 17.240000 0.000000 5.050000 3.800000 2.550000 0.000000 0.000000 0.000000
287.800000 8.300000 17.330000 0.000000 5.050000 3.800000 2.550000 0.000000 0.000000 0.000000
287.900000 9.160000 18.070000 0.000000 5.050000 3.800000 2.550000 0.000000 0.000000 0.000000
287.900000 9.990000 15.180000 0.000000 5.140000 3.800000 2.550000 0.000000 0.000000 0.000000
288.000000 10.630000 13.530000 0.000000 5.050000 3.800000 2.550000 0.000000 0.000000 0.000000
288.000000 11.160000 8.570000 0.000000 5.050000 3.800000 2.550000 0.000000 0.000000 0.000000
288.100000 11.460000 4.360000 0.000000 5.050000 3.800000 2.550000 0.000000 0.000000 0.000000
288.100000 11.570000 0.200000 0.000000 5.050000 3.800000 2.550000 0.000000 0.000000 0.000000
288.200000 11.460000 -4.340000 0.000000 5.050000 3.800000 2.550000 0.000000 0.000000 0.000000
288.200000 11.070000 -7.960000 0.000000 5.050000 3.800000 2.550000 0.000000 0.000000 0.000000
288.300000 10.540000 -12.220000 0.000000 5.050000 3.800000 2.550000 0.000000 0.000000 0.000000
288.300000 9.830000 -15.500000 0.000000 5.050000 3.800000 2.550000 0.000000 0.000000 0.000000
288.400000 9.020000 -16.620000 0.000000 5.050000 3.800000 2.550000 0.000000 0.000000 0.000000
288.400000 8.170000 -17.550000 0.000000 5.050000 3.800000 2.550000 0.000000 0.000000 0.000000
288.500000 7.270000 -16.950000 0.000000 5.050000 3.800000 2.550000 0.000000 0.000000 0.000000
288.500000 6.450000 -16.000000 0.000000 5.050000 3.800000 2.550000 0.000000 0.000000 0.000000
288.600000 5.750000 -13.390000 0.000000 5.050000 3.800000 2.550000 0.000000 0.000000 0.000000
288.600000 5.220000 -8.780000 0.000000 5.050000 3.800000 2.550000 0.000000 0.000000 0.000000
288.700000 4.930000 -4.550000 0.000000 5.050000 3.800000 2.550000 0.000000 0.000000 0.000000
288.700000 4.850000 1.080000 0.000000 5.050000 3.800000 2.550000 0.000000 0.000000 0.000000
288.800000 5.070000 5.730000 0.000000 5.050000 3.800000 2.550000 0.000000 0.000000 0.000000
288.800000 5.530000 11.550000 0.000000 5.050000 3.800000 2.550000 0.000000 0.000000 0.000000
288.900000 6.250000 16.560000 0.000000 5.050000 3.800000 2.550000 0.000000 0.000000 0.000000
288.900000 7.180000 19.750000 0.000000 5.140000 3.800000 2.550000 0.000000 0.000000 0.000000
289.000000 8.240000 23.120000 0.000000 5.050000 3.800000 2.550000 0.000000 0.000000 0.000000
289.000000 9.410000 23.500000 0.000000 5.050000 3.800000 2.550000 0.000000 0.000000 0.000000
289.100000 10.610000 24.390000 0.000000 5.050000 3.800000 2.550000 0.000000 0.000000 0.000000
289.100000 11.820000 22.900000 0.000000 5.050000 3.800000 2.550000 0.000000 0.000000 0.000000
289.200000 12.900000 20.280000 0.000000 5.050000 3.800000 2.550000 0.000000 0.000000 0.000000
289.200000 13.820000 17.430000 0.000000 5.050000 3.800000 2.550000 0.000000 0.000000 0.000000
289.300000 14.480000 10.910000 0.000000 5.050000 3.800000 2.550000 0.000000 0.000000 0.000000
289.300000 14.800000 4.570000 0.000000 5.050000 3.800000 2.550000 0.000000 0.000000 0.000000
289.400000 14.780000 -3.460000 0.000000 5.050000 3.800000 2.550000 0.000000 0.000000 0.000000
289.400000 14.360000 -11.460000 0.000000 5.050000 3.800000 2.550000 0.000000 0.000000 0.000000
289.500000 13.570000 -17.700000 0.000000 5.050000 3.800000 2.550000 0.000000 0.000000 0.000000
289.500000 12.480000 -24.700000 0.000000 5.050000 3.800000 2.550000 0.000000 0.000000 0.000000
289.600000 11.060000 -30.760000 0.000000 5.050000 3.800000 2.550000 0.000000 0.000000 0.000000
289.600000 9.400000 -33.850000 0.000000 5.050000 3.800000 2.550000 0.000000 0.000000 0.000000
289.700000 7.650000 -36.650000 0.000000 5.050000 3.800000 2.550000 0.000000 0.000000 0.000000
289.700000 5.840000 -36.490000 0.000000 5.050000 3.800000 2.550000 0.000000 0.000000 0.000000
289.800000 4.090000 -32.350000 0.000000 5.050000 3.800000 2.550000 0.000000 0.000000 0.000000
289.800000 2.600000 -28.700000 0.000000 5.050000 3.800000 2.550000 0.000000 0.000000 0.000000
289.900000 1.430000 -20.910000 0.000000 5.050000 3.800000 2.550000 0.000000 0.000000 0.000000
289.900000 0.700000 -10.530000 0.000000 5.050000 3.800000 2.550000 0.000000 0.000000 0.000000
290.000000 0.510000 0.000000 0.000000 5.050000 3.800000 2.550000 0.000000 0.000000 0.000000
290.000000 0.940000 13.840000 0.000000 5.050000 3.800000 2.550000 0.000000 0.000000 0.000000
290.100000 1.970000 24.770000 0.000000 5.050000 3.800000 2.550000 0.000000 0.000000 0.000000
290.100000 3.630000 38.270000 0.000000 5.050000 3.800000 2.550000 0.000000 0.000000 0.000000
290.200000 5.850000 47.450000 0.000000 5.050000 3.800000 2.550000 0.000000 0.000000 0.000000
290.200000 8.510000 56.980000 0.000000 5.050000 3.800000 2.550000 0.000000 0.000000 0.000000
290.300000 11.480000 60.130000 0.000000 5.050000 3.800000 2.550000 0.000000 0.000000 0.000000
290.300000 14.540000 62.050000 0.000000 5.050000 3.800000 2.550000 0.000000 0.000000 0.000000
290.400000 17.500000 56.580000 0.000000 5.050000 3.800000 2.550000 0.000000 0.000000 0.000000
290.400000 20.120000 49.210000 0.000000 5.050000 3.800000 2.550000 0.000000 0.000000 0.000000
290.500000 22.200000 36.930000 0.000000 5.050000 3.800000 2.550000 0.000000 0.000000 0.000000
290.500000 23.480000 18.710000 0.000000 5.140000 3.800000 2.550000 0.000000 0.000000 0.000000
290.600000 23.810000 0.950000 0.000000 5.050000 3.800000 2.550000 0.000000 0.000000 0.000000
290.600000 23.210000 -19.370000 0.000000 5.050000 3.800000 2.550000 0.000000 0.000000 0.000000
290.700000 21.660000 -38.070000 0.000000 5.050000 3.800000 2.550000 0.000000 0.000000 0.000000
290.700000 19.180000 -55.860000 0.000000 5.050000 3.800000 2.550000 0.000000 0.000000 0.000000
290.800000 15.980000 -67.570000 0.000000 5.050000 3.800000 2.550000 0.000000 0.000000 0.000000
290.800000 15.980000 -67.570000 0.000000 5.050000 3.800000 2.550000 0.000000 0.000000 0.000000
290.800000 12.180000 -81.370000 0.000000 5.050000 3.800000 2.550000 0.000000 0.000000 0.000000
290.900000 8.030000 -84.970000 0.000000 5.050000 3.800000 2.550000 0.000000 0.000000 0.000000
290.900000 2.890000 -84.660000 0.000000 5.050000 3.800000 2.550000 0.000000 0.000000 0.000000
291.000000 -1.030000 -75.950000 0.000000 5.050000 3.800000 2.550000 0.000000 0.000000 0.000000
291.000000 -4.260000 -58.660000 0.000000 5.050000 3.800000 2.550000 0.000000 0.000000 0.000000
291.100000 -6.490000 -36.690000 0.000000 5.050000 3.800000 2.550000 0.000000 0.000000 0.000000
291.100000 -7.500000 -10.090000 0.000000 5.050000 3.800000 2.550000 0.000000 0.000000 0.000000
291.200000 -7.100000 18.670000 0.000000 5.050000 3.800000 2.550000 0.000000 0.000000 0.000000
291.200000 -5.300000 45.900000 0.000000 5.050000 3.800000 2.550000 0.000000 0.000000 0.000000
291.300000 -2.210000 69.280000 0.000000 5.050000 3.800000 2.550000 0.000000 0.000000 0.000000
291.300000 1.860000 88.660000 0.000000 5.050000 3.800000 2.550000 0.000000 0.000000 0.000000
291.400000 6.730000 98.880000 0.000000 5.050000 3.800000 2.550000 0.000000 0.000000 0.000000
291.400000 11.770000 102.150000 0.000000 5.050000 3.800000 2.550000 0.000000 0.000000 0.000000
291.500000 16.490000 88.260000 0.000000 5.050000 3.800000 2.550000 0.000000 0.000000 0.000000
291.500000 20.080000 64.510000 0.000000 5.050000 3.800000 2.550000 0.000000 0.000000 0.000000
291.600000 22.120000 28.270000 0.000000 5.050000 3.800000 2.550000 0.000000 0.000000 0.000000
291.600000 22.350000 -8.130000 0.000000 5.050000 3.800000 2.550000 0.000000 0.000000 0.000000
291.700000 20.880000 -39.040000 0.000000 5.050000 3.800000 2.550000 0.000000 0.000000 0.000000
291.700000 18.160000 -62.860000 0.000000 5.050000 3.800000 2.550000 0.000000 0.000000 0.000000
291.800000 14.630000 -75.710000 0.000000 5.050000 3.800000 2.550000 0.000000 0.000000 0.000000
291.800000 10.580000 -80.490000 0.000000 5.050000 3.800000 2.550000 0.000000 0.000000 0.000000
291.900000 6.540000 -83.210000 0.000000 5.050000 3.800000 2.550000 0.000000 0.000000 0.000000
291.900000 2.590000 -76.570000 0.000000 5.050000 3.800000 2.550000 0.000000 0.000000 0.000000
292.000000 -0.930000 -64.830000 0.000000 5.050000 3.800000 2.550000 0.000000 0.000000 0.000000
292.000000 -3.690000 -50.990000 0.000000 5.140000 3.800000 2.550000 0.000000 0.000000 0.000000
292.100000 -5.610000 -30.430000 0.000000 5.050000 3.800000 2.550000 0.000000 0.000000 0.000000
292.100000 -6.410000 -9.050000 0.000000 5.050000 3.800000 2.550000 0.000000 0.000000 0.000000
292.200000 -6.100000 15.150000 0.000000 5.050000 3.800000 2.550000 0.000000 0.000000 0.000000
292.200000 -4.600000 36.850000 0.000000 5.050000 3.800000 2.550000 0.000000 0.000000 0.000000
292.300000 -2.110000 58.790000 0.000000 5.050000 3.800000 2.550000 0.000000 0.000000 0.000000
292.300000 1.410000 76.190000 0.000000 5.050000 3.800000 2.550000 0.000000 0.000000 0.000000
292.400000 5.740000 92.930000 0.000000 5.050000 3.800000 2.550000 0.000000 0.000000 0.000000
292.400000 10.710000 102.200000 0.000000 5.050000 3.800000 2.550000 0.000000 0.000000 0.000000
292.500000 15.970000 107.010000 0.000000 5.050000 3.800000 2.550000 0.000000 0.000000 0.000000
292.500000 21.180000 102.440000 0.000000 5.050000 3.800000 2.550000 0.000000 0.000000 0.000000
292.600000 25.900000 89.650000 0.000000 5.050000 3.800000 2.550000 0.000000 0.000000 0.000000
292.600000 29.740000 67.910000 0.000000 5.050000 3.800000 2.550000 0.000000 0.000000 0.000000
292.700000 32.350000 42.680000 0.000000 5.050000 3.800000 2.550000 0.000000 0.000000 0.000000
292.700000 33.400000 9.720000 0.000000 5.050000 3.800000 2.550000 0.000000 0.000000 0.000000
292.800000 32.790000 -23.900000 0.000000 5.050000 3.800000 2.550000 0.000000 0.000000 0.000000
292.800000 30.520000 -56.720000 0.000000 5.050000 3.800000 2.550000 0.000000 0.000000 0.000000
292.900000 26.720000 -88.480000 0.000000 5.050000 3.800000 2.550000 0.000000 0.000000 0.000000
292.900000 21.470000 -117.390000 0.000000 5.050000 3.800000 2.550000 0.000000 0.000000 0.000000
293.000000 15.170000 -131.380000 0.000000 5.050000 3.800000 2.550000 0.000000 0.000000 0.000000
293.000000 8.030000 -144.230000 0.000000 5.050000 3.800000 2.550000 0.000000 0.000000 0.000000
293.100000 0.670000 -146.590000 0.000000 5.050000 3.800000 2.550000 0.000000 0.000000 0.000000
293.100000 -6.230000 -134.040000 0.000000 5.050000 3.800000 2.550000 0.000000 0.000000 0.000000
293.200000 -12.000000 -105.840000 0.000000 5.050000 3.800000 2.550000 0.000000 0.000000 0.000000
293.200000 -16.240000 -71.550000 0.000000 5.050000 3.800000 2.550000 0.000000 0.000000 0.000000
293.300000 -18.600000 -34.070000 0.000000 5.050000 3.800000 2.550000 0.000000 0.000000 0.000000
293.300000 -18.990000 6.370000 0.000000 5.050000 3.800000 2.550000 0.000000 0.000000 0.000000
293.400000 -17.420000 47.220000 0.000000 5.050000 3.800000 2.550000 0.000000 0.000000 0.000000
293.400000 -13.790000 84.320000 0.000000 5.050000 3.800000 2.550000 0.000000 0.000000 0.000000
293.500000 -8.440000 118.900000 0.000000 5.050000 3.800000 2.550000 0.000000 0.000000 0.000000
293.500000 -1.620000 150.440000 0.000000 5.050000 3.800000 2.550000 0.000000 0.000000 0.000000
293.600000 6.620000 169.590000 0.000000 5.050000 3.800000 2.550000 0.000000 0.000000 0.000000
293.600000 15.470000 179.530000 0.000000 5.050000 3.800000 2.550000 0.000000 0.000000 0.000000
293.700000 24.200000 173.370000 0.000000 5.050000 3.800000 2.550000 0.000000 0.000000 0.000000
293.700000 32.110000 145.960000 0.000000 5.050000 3.800000 2.550000 0.000000 0.000000 0.000000
293.800000 38.280000 108.560000 0.000000 5.050000 3.800000 2.550000 0.000000 0.000000 0.000000
293.800000 42.160000 60.770000 0.000000 5.050000 3.800000 2.550000 0.000000 0.000000 0.000000
293.900000 43.440000 6.350000 0.000000 5.050000 3.800000 2.550000 0.000000 0.000000 0.000000
293.900000 42.100000 -45.420000 0.000000 5.050000 3.800000 2.550000 0.000000 0.000000 0.000000
294.000000 38.350000 -93.830000 0.000000 5.050000 3.800000 2.550000 0.000000 0.000000 0.000000
294.000000 32.430000 -133.940000 0.000000 5.050000 3.800000 2.550000 0.000000 0.000000 0.000000
294.100000 24.750000 -165.910000 0.000000 5.050000 3.800000 2.550000 0.000000 0.000000 0.000000
294.100000 15.850000 -183.070000 0.000000 5.050000 3.800000 2.550000 0.000000 0.000000 0.000000
294.200000 6.470000 -187.220000 0.000000 5.050000 3.800000 2.550000 0.000000 0.000000 0.000000
294.200000 -2.760000 -183.210000 0.000000 5.050000 3.800000 2.550000 0.000000 0.000000 0.000000
294.300000 -11.130000 -154.460000 0.000000 5.050000 3.800000 2.550000 0.000000 0.000000 0.000000
294.300000 -17.610000 -114.200000 0.000000 5.050000 3.800000 2.550000 0.000000 0.000000 0.000000
294.400000 -21.430000 -58.280000 0.000000 5.050000 3.800000 2.550000 0.000000 0.000000 0.000000
294.400000 -22.490000 0.720000 0.000000 5.050000 3.800000 2.550000 0.000000 0.000000 0.000000
294.500000 -20.680000 53.020000 0.000000 5.050000 3.800000 2.550000 0.000000 0.000000 0.000000
294.500000 -16.490000 100.080000 0.000000 5.050000 3.800000 2.550000 0.000000 0.000000 0.000000
294.600000 -10.410000 138.270000 0.000000 5.050000 3.800000 2.550000 0.000000 0.000000 0.000000
294.600000 -2.570000 162.470000 0.000000 5.050000 3.800000 2.550000 0.000000 0.000000 0.000000
294.700000 6.210000 181.070000 0.000000 5.050000 3.800000 2.550000 0.000000 0.000000 0.000000
294.700000 15.270000 184.350000 0.000000 5.050000 3.800000 2.550000 0.000000 0.000000 0.000000
294.800000 24.000000 165.500000 0.000000 5.050000 3.800000 2.550000 0.000000 0.000000 0.000000
294.800000 31.330000 135.510000 0.000000 5.050000 3.800000 2.550000 0.000000 0.000000 0.000000
294.900000 36.610000 89.030000 0.000000 5.050000 3.800000 2.550000 0.000000 0.000000 0.000000
294.900000 39.530000 39.850000 0.000000 5.050000 3.800000 2.550000 0.000000 0.000000 0.000000
295.000000 39.800000 -13.800000 0.000000 5.050000 3.800000 2.550000 0.000000 0.000000 0.000000
295.000000 37.490000 -63.690000 0.000000 5.050000 3.800000 2.550000 0.000000 0.000000 0.000000
295.100000 33.010000 -102.720000 0.000000 5.050000 3.800000 2.550000 0.000000 0.000000 0.000000
295.100000 26.800000 -133.410000 0.000000 5.050000 3.800000 2.550000 0.000000 0.000000 0.000000
295.200000 19.250000 -157.470000 0.000000 5.050000 3.800000 2.550000 0.000000 0.000000 0.000000
295.200000 10.870000 -170.070000 0.000000 5.050000 3.800000 2.550000 0.000000 0.000000 0.000000
295.300000 2.560000 -164.580000 0.000000 5.050000 3.800000 2.550000 0.000000 0.000000 0.000000
295.300000 -5.180000 -152.290000 0.000000 5.050000 3.800000 2.550000 0.000000 0.000000 0.000000
295.400000 -11.580000 -112.920000 0.000000 5.050000 3.800000 2.550000 0.000000 0.000000 0.000000
295.400000 -15.790000 -67.980000 0.000000 5.050000 3.800000 2.550000 0.000000 0.000000 0.000000
295.500000 -17.410000 -13.530000 0.000000 5.050000 3.800000 2.550000 0.000000 0.000000 0.000000
295.500000 -16.280000 40.710000 0.000000 5.050000 3.800000 2.550000 0.000000 0.000000 0.000000
295.600000 -12.850000 84.220000 0.000000 5.140000 3.800000 2.550000 0.000000 0.000000 0.000000
295.600000 -7.570000 117.890000 0.000000 5.050000 3.800000 2.550000 0.000000 0.000000 0.000000
295.700000 -0.950000 140.300000 0.000000 5.050000 3.800000 2.550000 0.000000 0.000000 0.000000
295.700000 6.610000 154.390000 0.000000 5.050000 3.800000 2.550000 0.000000 0.000000 0.000000
295.800000 14.490000 159.370000 0.000000 5.050000 3.800000 2.550000 0.000000 0.000000 0.000000
295.800000 22.120000 150.450000 0.000000 5.050000 3.800000 2.550000 0.000000 0.000000 0.000000
295.900000 29.020000 128.650000 0.000000 5.050000 3.800000 2.550000 0.000000 0.000000 0.000000
295.900000 34.580000 99.630000 0.000000 5.050000 3.800000 2.550000 0.000000 0.000000 0.000000
296.000000 38.340000 61.630000 0.000000 5.050000 3.800000 2.550000 0.000000 0.000000 0.000000
296.000000 39.890000 14.330000 0.000000 5.050000 3.800000 2.550000 0.000000 0.000000 0.000000
296.100000 39.140000 -31.730000 0.000000 5.050000 3.800000 2.550000 0.000000 0.000000 0.000000
296.100000 36.180000 -75.350000 0.000000 5.050000 3.800000 2.550000 0.000000 0.000000 0.000000
296.200000 31.240000 -109.310000 0.000000 5.050000 3.800000 2.550000 0.000000 0.000000 0.000000
296.200000 24.680000 -138.480000 0.000000 5.140000 3.800000 2.550000 0.000000 0.000000 0.000000
296.300000 16.820000 -163.820000 0.000000 5.050000 3.800000 2.550000 0.000000 0.000000 0.000000
296.300000 8.010000 -183.710000 0.000000 5.050000 3.800000 2.550000 0.000000 0.000000 0.000000
296.400000 -1.100000 -182.060000 0.000000 5.050000 3.800000 2.550000 0.000000 0.000000 0.000000
296.400000 -10.010000 -178.340000 0.000000 5.050000 3.800000 2.550000 0.000000 0.000000 0.000000
296.500000 -18.060000 -151.320000 0.000000 5.050000 3.800000 2.550000 0.000000 0.000000 0.000000
296.500000 -24.580000 -117.880000 0.000000 5.050000 3.800000 2.550000 0.000000 0.000000 0.000000
296.600000 -28.950000 -68.750000 0.000000 5.140000 3.800000 2.550000 0.000000 0.000000 0.000000
296.600000 -30.610000 -14.100000 0.000000 5.050000 3.800000 2.550000 0.000000 0.000000 0.000000
296.700000 -29.370000 45.590000 0.000000 5.050000 3.800000 2.550000 0.000000 0.000000 0.000000
296.700000 -25.350000 101.110000 0.000000 5.050000 3.800000 2.550000 0.000000 0.000000 0.000000
296.800000 -18.790000 152.410000 0.000000 5.050000 3.800000 2.550000 0.000000 0.000000 0.000000
296.800000 -9.880000 194.390000 0.000000 5.050000 3.800000 2.550000 0.000000 0.000000 0.000000
296.900000 1.020000 225.000000 0.000000 5.050000 3.800000 2.550000 0.000000 0.000000 0.000000
296.900000 13.070000 251.680000 0.000000 5.050000 3.800000 2.550000 0.000000 0.000000 0.000000
297.000000 25.990000 257.390000 0.000000 5.050000 3.800000 2.550000 0.000000 0.000000 0.000000
297.000000 38.460000 244.450000 0.000000 5.050000 3.800000 2.550000 0.000000 0.000000 0.000000
297.100000 49.520000 210.280000 0.000000 5.050000 3.800000 2.550000 0.000000 0.000000 0.000000
297.100000 57.930000 147.400000 0.000000 5.050000 3.800000 2.550000 0.000000 0.000000 0.000000
297.200000 63.050000 75.600000 0.000000 5.050000 3.800000 2.550000 0.000000 0.000000 0.000000
297.200000 63.920000 -11.260000 0.000000 5.050000 3.800000 2.550000 0.000000 0.000000 0.000000
297.300000 60.570000 -96.090000 0.000000 5.140000 3.800000 2.550000 0.000000 0.000000 0.000000
297.300000 53.470000 -169.750000 0.000000 5.050000 3.800000 2.550000 0.000000 0.000000 0.000000
297.400000 42.910000 -233.700000 0.000000 5.050000 3.800000 2.550000 0.000000 0.000000 0.000000
297.400000 29.610000 -284.640000 0.000000 5.050000 3.800000 2.550000 0.000000 0.000000 0.000000
297.500000 14.320000 -318.820000 0.000000 5.050000 3.800000 2.550000 0.000000 0.000000 0.000000
297.500000 -2.280000 320.370000 0.000000 5.050000 3.800000 2.550000 0.000000 0.000000 0.000000
297.600000 -19.080000 324.720000 0.000000 5.050000 3.800000 2.550000 0.000000 0.000000 0.000000
297.600000 -35.130000 -309.160000 0.000000 5.050000 3.800000 2.550000 0.000000 0.000000 0.000000
297.700000 -48.330000 -242.190000 0.000000 5.050000 3.800000 2.550000 0.000000 0.000000 0.000000
297.700000 -57.740000 -152.700000 0.000000 5.050000 3.800000 2.550000 0.000000 0.000000 0.000000
297.800000 -61.800000 -40.650000 0.000000 5.050000 3.800000 2.550000 0.000000 0.000000 0.000000
297.800000 -60.190000 71.630000 0.000000 5.050000 3.800000 2.550000 0.000000 0.000000 0.000000
297.900000 -53.110000 178.720000 0.000000 5.050000 3.800000 2.550000 0.000000 0.000000 0.000000
297.900000 -41.470000 270.040000 0.000000 5.050000 3.800000 2.550000 0.000000 0.000000 0.000000
298.000000 -25.910000 -317.070000 0.000000 5.050000 3.800000 2.550000 0.000000 0.000000 0.000000
298.000000 -7.890000 -279.150000 0.000000 5.050000 3.800000 2.550000 0.000000 0.000000 0.000000
298.100000 11.040000 -276.930000 0.000000 5.140000 3.800000 2.550000 0.000000 0.000000 0.000000
298.100000 28.660000 -312.920000 0.000000 5.050000 3.800000 2.550000 0.000000 0.000000 0.000000
298.200000 44.040000 282.500000 0.000000 5.050000 3.800000 2.550000 0.000000 0.000000 0.000000
298.200000 56.010000 216.470000 0.000000 5.050000 3.800000 2.550000 0.000000 0.000000 0.000000
298.300000 63.850000 126.090000 0.000000 5.140000 3.800000 2.550000 0.000000 0.000000 0.000000
298.300000 66.930000 25.540000 0.000000 5.050000 3.800000 2.550000 0.000000 0.000000 0.000000
298.400000 64.860000 -76.770000 0.000000 5.050000 3.800000 2.550000 0.000000 0.000000 0.000000
298.400000 58.120000 -162.450000 0.000000 5.050000 3.800000 2.550000 0.000000 0.000000 0.000000
298.500000 47.800000 -229.070000 0.000000 5.050000 3.800000 2.550000 0.000000 0.000000 0.000000
298.500000 34.880000 -274.810000 0.000000 5.050000 3.800000 2.550000 0.000000 0.000000 0.000000
298.600000 20.520000 -297.570000 0.000000 5.140000 3.800000 2.550000 0.000000 0.000000 0.000000
298.600000 5.630000 -296.100000 0.000000 5.050000 3.800000 2.550000 0.000000 0.000000 0.000000
298.700000 -8.600000 -278.220000 0.000000 5.050000 3.800000 2.550000 0.000000 0.000000 0.000000
298.700000 -21.470000 -241.780000 0.000000 5.050000 3.800000 2.550000 0.000000 0.000000 0.000000
298.800000 -31.990000 -191.220000 0.000000 5.050000 3.800000 2.550000 0.000000 0.000000 0.000000
298.800000 -39.280000 -123.080000 0.000000 5.050000 3.800000 2.550000 0.000000 0.000000 0.000000
298.900000 -43.040000 -45.670000 0.000000 5.050000 3.800000 2.550000 0.000000 0.000000 0.000000
298.900000 -42.850000 30.750000 0.000000 5.050000 3.800000 2.550000 0.000000 0.000000 0.000000
299.000000 -38.930000 107.330000 0.000000 5.140000 3.800000 2.550000 0.000000 0.000000 0.000000
299.000000 -31.340000 170.800000 0.000000 5.140000 3.800000 2.550000 0.000000 0.000000 0.000000
299.100000 -20.930000 233.980000 0.000000 5.050000 3.800000 2.550000 0.000000 0.000000 0.000000
299.200000 22.710000 316.190000 0.000000 5.050000 3.800000 2.550000 0.000000 0.000000 0.000000
299.300000 38.590000 318.140000 0.000000 5.050000 3.800000 2.550000 0.000000 0.000000 0.000000
299.300000 53.830000 294.180000 0.000000 5.050000 3.800000 2.550000 0.000000 0.000000 0.000000
299.400000 67.090000 243.690000 0.000000 5.050000 3.800000 2.550000 0.000000 0.000000 0.000000
299.400000 76.240000 151.240000 0.000000 5.050000 3.800000 2.550000 0.000000 0.000000 0.000000
299.500000 80.120000 37.580000 0.000000 5.050000 3.800000 2.550000 0.000000 0.000000 0.000000
299.500000 78.250000 -77.440000 0.000000 5.050000 3.800000 2.550000 0.000000 0.000000 0.000000
299.600000 71.060000 -177.940000 0.000000 5.140000 3.800000 2.550000 0.000000 0.000000 0.000000
299.600000 59.490000 -261.620000 0.000000 5.050000 3.800000 2.550000 0.000000 0.000000 0.000000
299.700000 43.900000 321.910000 0.000000 5.050000 3.800000 2.550000 0.000000 0.000000 0.000000
299.700000 25.070000 259.350000 0.000000 5.050000 3.800000 2.550000 0.000000 0.000000 0.000000
299.800000 4.770000 234.040000 0.000000 5.050000 3.800000 2.550000 0.000000 0.000000 0.000000
299.800000 -16.490000 228.270000 0.000000 5.050000 3.800000 2.550000 0.000000 0.000000 0.000000
299.900000 -38.140000 227.090000 0.000000 5.140000 3.800000 2.550000 0.000000 0.000000 0.000000
299.900000 -59.130000 244.020000 0.000000 5.050000 3.800000 2.550000 0.000000 0.000000 0.000000
300.000000 -77.280000 318.760000 0.000000 5.050000 3.800000 2.550000 0.000000 0.000000 0.000000
300.000000 -90.870000 -229.530000 0.000000 5.050000 3.800000 2.550000 0.000000 0.000000 0.000000
300.100000 -98.590000 -109.680000 0.000000 5.050000 3.800000 2.550000 0.000000 0.000000 0.000000
300.100000 -100.060000 14.960000 0.000000 5.050000 3.800000 2.550000 0.000000 0.000000 0.000000
300.200000 -95.420000 139.140000 0.000000 5.050000 3.800000 2.550000 0.000000 0.000000 0.000000
300.200000 -85.070000 249.860000 0.000000 5.050000 3.800000 2.550000 0.000000 0.000000 0.000000
300.300000 -70.170000 321.520000 0.000000 5.050000 3.800000 2.550000 0.000000 0.000000 0.000000
300.300000 -53.530000 -323.760000 0.000000 5.140000 3.800000 2.550000 0.000000 0.000000 0.000000
300.400000 -37.920000 305.550000 0.000000 5.050000 3.800000 2.550000 0.000000 0.000000 0.000000
300.400000 -24.510000 250.940000 0.000000 5.050000 3.800000 2.550000 0.000000 0.000000 0.000000
300.500000 -13.710000 200.690000 0.000000 5.050000 3.800000 2.550000 0.000000 0.000000 0.000000
300.500000 -5.630000 141.680000 0.000000 5.140000 3.800000 2.550000 0.000000 0.000000 0.000000
300.600000 -0.440000 84.160000 0.000000 5.050000 3.800000 2.550000 0.000000 0.000000 0.000000
300.600000 2.140000 35.260000 0.000000 5.050000 3.800000 2.550000 0.000000 0.000000 0.000000
300.700000 2.940000 8.200000 0.000000 5.050000 3.800000 2.550000 0.000000 0.000000 0.000000
300.700000 2.840000 -2.610000 0.000000 5.050000 3.800000 2.550000 0.000000 0.000000 0.000000
300.800000 2.470000 -3.480000 0.000000 5.050000 3.800000 2.550000 0.000000 0.000000 0.000000
300.800000 2.290000 -3.740000 0.000000 5.050000 3.800000 2.550000 0.000000 0.000000 0.000000
300.900000 2.170000 -0.100000 0.000000 5.050000 3.800000 2.550000 0.000000 0.000000 0.000000
300.900000 2.140000 0.770000 0.000000 5.050000 3.800000 2.550000 0.000000 0.000000 0.000000
301.000000 2.030000 -3.050000 0.000000 5.050000 3.800000 2.550000 0.000000 0.000000 0.000000
301.000000 1.720000 -5.150000 0.000000 5.050000 3.800000 2.550000 0.000000 0.000000 0.000000
301.100000 1.330000 -8.310000 0.000000 5.050000 3.800000 2.550000 0.000000 0.000000 0.000000
301.100000 0.840000 -7.650000 0.000000 5.050000 3.800000 2.550000 0.000000 0.000000 0.000000
301.200000 0.450000 -6.400000 0.000000 5.050000 3.800000 2.550000 0.000000 0.000000 0.000000
301.200000 0.110000 -4.690000 0.000000 5.050000 3.800000 2.550000 0.000000 0.000000 0.000000
301.300000 -0.050000 -1.240000 0.000000 5.140000 3.800000 2.550000 0.000000 0.000000 0.000000
301.300000 -0.060000 2.710000 0.000000 5.050000 3.800000 2.550000 0.000000 0.000000 0.000000
301.400000 0.110000 4.820000 0.000000 5.140000 3.800000 2.550000 0.000000 0.000000 0.000000
301.400000 0.350000 6.340000 0.000000 5.050000 3.800000 2.550000 0.000000 0.000000 0.000000
301.500000 0.610000 5.520000 0.000000 5.050000 3.800000 2.550000 0.000000 0.000000 0.000000
301.500000 0.850000 7.210000 0.000000 5.050000 3.800000 2.550000 0.000000 0.000000 0.000000
301.600000 1.090000 4.260000 0.000000 5.050000 3.800000 2.550000 0.000000 0.000000 0.000000
301.600000 1.240000 4.800000 0.000000 5.050000 3.800000 2.550000 0.000000 0.000000 0.000000
301.700000 1.280000 -0.590000 0.000000 5.050000 3.800000 2.550000 0.000000 0.000000 0.000000
